0.09490884233852434
0.07305508279854069
0.06756859161503073
0.06756859161503073
0.06640048591464096
0.06215433935290596
0.06215433935290596
0.06006018403321098
0.06006018403321098
0.059857405100328484
0.059857405100328484
0.05810944641903485
0.055848414407721536
0.05580911715620952
0.05580911715620951
0.051350875570327914
0.051350875570327914
0.04863385646682445
0.04764236771629406
0.044820019433227665
0.044820019433227665
0.04439166692926091
0.04439166692926089
0.04329518900889671
0.04266439217192061
0.04266439217192059
0.0410904346225498
0.039593489920821776
0.03959348992082176
0.03950347080438233
0.03950347080438233
0.03924119199205786
0.0384323767824991
0.036489780274864596
0.036489780274864596
0.03639553032620725
0.03639553032620724
0.03623536892547686
0.0349964199448222
0.0349964199448222
0.03369553203835356
0.03339295474474417
0.03117560994695173
0.030672552487180652
0.030672552487180652
0.030246734833055077
0.030246734833055063
0.029055324963507455
0.029055324963507455
0.028177580053747223
0.027936310951635998
0.027747712959427358
0.02774771295942735
0.027175794240021537
0.027175794240021534
0.025509947455410416
0.025509947455410405
0.025180178593490005
0.025180178593490005
0.024884689766001993
0.023826339200008366
0.023826339200008366
0.02344125594542322
0.022993110867143157
0.022853035642304162
0.022853035642304162
0.02282244636472564
0.02282244636472564
0.022658914699089403
0.021822617752274544
0.021521347010921052
0.02131718587154716
0.020793105798293316
0.020793105798293316
0.01903534902663095
0.01903534902663095
0.018908431686657692
0.01870627871603637
0.018698349834084794
0.018698349834084794
0.018293021975587215
0.017771124191022426
0.017771124191022426
0.017503347666953085
0.017503347666953085
0.01713166051037003
0.017131660510370024
0.016956107949712983
0.01657547103853823
0.01657547103853823
0.016296347700318722
0.016258584614731023
0.016258584614731023
0.01616012675051563
0.01616012675051563
0.015407822618525744
0.01540782261852574
0.01521789041169111
0.01521789041169111
0.014975758192999003
0.014975758192999003
