0.5181247337366076
0.5619851784832581
0.4442882938158366
0.4442882938158366
0.42148888386244354
0.35543063505266936
0.35543063505266936
0.533145952579004
0.533145952579004
0.5181247337366076
0.5181247337366076
0.7024814731040726
0.28099258924162906
0.5619851784832581
0.5619851784832581
0.6220036113421713
0.6220036113421713
1.0362494674732152
0.8429777677248872
0.7108612701053387
0.7108612701053387
0.7024814731040726
0.7024814731040726
0.26657297628950194
0.28099258924162906
0.28099258924162906
0.43982297150257105
0.9834740623457018
0.9834740623457018
0.7997189288685058
0.7997189288685058
0.3769911184307752
0.5026548245743669
0.5181247337366076
0.5181247337366076
0.8429777677248872
0.8429777677248872
1.295311834341519
0.8885765876316731
0.8885765876316731
0.3141592653589793
1.1239703569665163
0.9774342463948404
1.0362494674732152
1.0362494674732152
0.9834740623457018
0.9834740623457018
0.43982297150257105
0.43982297150257105
1.554374201209823
1.0662919051580078
0.3769911184307752
0.3769911184307752
0.5026548245743669
0.5026548245743669
1.1239703569665163
1.1239703569665163
1.1551495639211755
1.1551495639211755
1.295311834341519
0.3141592653589793
0.3141592653589793
0.8168140899333464
0.25132741228718347
1.295311834341519
1.295311834341519
1.2440072226843426
1.2440072226843426
1.8134365680781268
1.2644666515873306
0.8796459430051421
0.5619851784832581
1.33286488144751
1.33286488144751
1.4217225402106775
1.4217225402106775
1.404962946208145
2.0724989349464304
1.0362494674732152
1.0362494674732152
1.0053096491487339
1.554374201209823
1.554374201209823
1.5105801989738445
1.5105801989738445
1.8264518300705892
1.8264518300705892
0.7024814731040726
0.8168140899333464
0.8168140899333464
0.28099258924162906
0.25132741228718347
0.25132741228718347
1.5994378577370116
1.5994378577370116
1.9669481246914036
1.9669481246914036
0.8796459430051421
0.8796459430051421
1.6882955165001792
1.6882955165001792
