2.2545074047241718
2.3479937395403683
2.087694460962465
2.087694460962465
2.0334222263687813
1.8672906923847412
1.8672906923847412
2.286954698895461
2.286954698895461
2.2545074047241718
2.2545074047241718
2.6251368061780993
1.6602822954125545
2.3479937395403683
2.3479937395403683
2.470193398757818
2.470193398757818
3.1883549482314923
2.8756932905616246
2.6407478220635476
2.6407478220635476
2.6251368061780993
2.6251368061780993
1.6171211758554194
1.6602822954125545
1.6602822954125545
2.0771767739988385
3.1061037573801897
3.1061037573801897
2.8009360385771114
2.8009360385771114
1.9230920081488314
2.2205953771622915
2.2545074047241718
2.2545074047241718
2.8756932905616246
2.8756932905616246
3.5646892003217197
2.952445820784306
2.952445820784306
1.7555347883683727
3.320564590825109
3.0965513005815652
3.1883549482314923
3.1883549482314923
3.1061037573801897
3.1061037573801897
2.0771767739988385
2.0771767739988385
3.9049213710225157
3.2342423517108387
1.9230920081488314
1.9230920081488314
2.2205953771622915
2.2205953771622915
3.320564590825109
3.320564590825109
3.3663061687949196
3.3663061687949196
3.5646892003217197
1.7555347883683727
1.7555347883683727
2.830714789986114
1.5701980494629555
3.5646892003217197
3.5646892003217197
3.4933810062077972
3.4933810062077972
4.2177971422113725
3.521990609310552
2.937571565235551
2.3479937395403683
3.615992877067109
3.615992877067109
3.7345813847694824
3.7345813847694824
3.712504074381859
4.5090148094483435
3.1883549482314923
3.1883549482314923
3.140396098925911
3.9049213710225157
3.9049213710225157
3.8495183792175114
3.8495183792175114
4.232905911190619
4.232905911190619
2.6251368061780993
2.830714789986114
2.830714789986114
1.6602822954125545
1.5701980494629555
1.5701980494629555
3.9611217330953217
3.9611217330953217
4.392694059825094
4.392694059825094
2.937571565235551
2.937571565235551
4.069665713159591
4.069665713159591
