0.8906760418550901
2.0330269480527647
5.485187871543306
2.4712828508959506
2.1075922014691533
1.4676245134804644
3.0484206153432734
1.3082610980288267
5.566966449240747
5.320030437376103
1.2948411345991977
5.951954116699543
5.818968691242782
4.39433101464519
6.084364117959006
2.9005781157154527
3.8351349675995565
1.0883065327925936
3.7714948975809093
3.8369155715059993
2.5715267097464696
4.511757539759872
6.092279350334491
3.5781241037111724
0.23994152549906828
1.0347630522974267
4.09951876159436
1.612320369946539
1.8485816309706766
0.5906213282404481
0.7288668204801043
1.8188633586624916
5.382355736103534
4.498129871221349
0.3590691376079939
5.54670823763349
4.311475268422214
1.292505999891464
4.265715884325907
1.1417906627012844
4.935394686564619
4.789560106368987
2.116087523287692
5.090755275808192
5.570481093834087
5.002927521612555
3.451737691049782
2.182292668014854
3.2674146241799056
4.145780295247211
3.8916733807999777
3.6675560441333195
1.8113149003303317
3.160331368761067
3.303895103646876
3.225563779758536
3.4957209594723135
4.549183168173233
5.215298282952915
6.046578763841626
3.609332627260018
1.5632936753536348
4.1656425007820825
0.11533486093704415
2.62898887817929
5.635153495402059
4.313434760877225
4.87283224735362
3.7334417416799384
2.426419921054847
3.676169269834457
1.8720318800876794
3.9006713919918323
1.6376684100227241
2.643682387868661
2.7583940281489205
1.2456315225813346
4.040286822163473
4.755773698800925
4.629806650624892
1.046008497721081
4.821958647944003
1.6320646555067126
0.7368612903504349
5.83383887462275
5.895606250041865
5.632903315273024
2.3182030782118277
3.612786173079778
2.465032482200149
4.603213687744104
2.6375512952726163
1.2190918640466002
0.3969774514528545
3.745764787189962
2.2546491067738175
2.6076256821221384
1.0835593402186823
0.5879736001233729
3.487468310893518
3.3800281692946514
