0.24497866312686423
0.46364760900080615
0.7853981633974483
5.497787143782138
5.176036589385496
0.7853981633974483
5.497787143782138
0.7853981633974483
5.497787143782138
1.3258176636680326
4.957367643511554
0.46364760900080615
0.46364760900080615
1.1071487177940904
5.176036589385496
0.7853981633974483
5.497787143782138
0.24497866312686423
0.46364760900080615
0.7853981633974483
5.497787143782138
1.1071487177940904
5.176036589385496
5.497787143782138
1.1071487177940904
5.176036589385496
0.0
0.46364760900080615
5.81953769817878
0.7853981633974483
5.497787143782138
0.0
0.0
1.8157749899217608
4.4674103172578254
1.1071487177940904
5.176036589385496
0.24497866312686423
0.7853981633974483
5.497787143782138
0.0
0.46364760900080615
5.497787143782138
1.3258176636680326
4.957367643511554
1.1071487177940904
5.176036589385496
1.5707963267948966
4.71238898038469
0.24497866312686423
5.497787143782138
1.5707963267948966
4.71238898038469
1.5707963267948966
4.71238898038469
1.1071487177940904
5.176036589385496
0.7853981633974483
5.497787143782138
6.038206644052722
1.5707963267948966
4.71238898038469
0.0
0.0
1.3258176636680326
4.957367643511554
0.7853981633974483
5.497787143782138
0.24497866312686423
5.176036589385496
0.0
2.0344439357957027
0.7853981633974483
5.497787143782138
0.7853981633974483
5.497787143782138
5.176036589385496
0.24497866312686423
1.8157749899217608
4.4674103172578254
0.0
1.3258176636680326
4.957367643511554
0.7853981633974483
5.497787143782138
0.46364760900080615
5.81953769817878
2.0344439357957027
1.5707963267948966
4.71238898038469
2.0344439357957027
1.5707963267948966
4.71238898038469
0.7853981633974483
5.497787143782138
0.46364760900080615
5.81953769817878
1.5707963267948966
4.71238898038469
0.7853981633974483
5.497787143782138
